7
121,112,299,460,8,121,460
414,416,43,183,183,294,215
269,11,465,323,362,264,449
454,369,276,350,339,342,376
350,173,433,194,285,387,121
403,117,498,331,156,34,100
306,283,223,498,404,348,413
4
360,35,449,258
299,82,59,243
349,453,164,477
195,335,170,158
7
228,442,421,0,415,22,176
475,389,69,262,308,311,348
13,40,225,147,164,388,43
345,152,265,109,423,471,366
95,272,456,373,83,242,306
466,317,132,367,430,119,39
457,58,475,395,196,345,454
9
342,241,452,222,279,113,360,40,322
194,93,271,289,73,88,466,317,454
84,4,464,383,485,327,85,328,180
469,81,392,287,10,222,80,161,7
273,29,490,258,435,342,190,115,181
375,118,410,421,263,429,218,291,250
263,392,123,494,352,297,391,183,191
27,312,354,355,428,87,329,439,314
357,69,336,42,151,63,158,27,18
5
142,500,465,149,108
248,454,233,212,420
263,71,209,253,336
364,484,200,268,371
350,106,97,3,198
10
128,301,425,114,109,58,165,42,264,393
268,402,382,436,71,343,275,58,31,191
468,418,234,248,67,257,402,425,365,217
174,131,94,408,70,191,399,82,415,384
463,153,134,31,327,343,368,159,353,431
47,10,369,328,228,164,255,37,253,487
198,263,67,47,289,160,90,186,16,177
345,303,417,379,157,116,210,4,319,139
114,154,6,274,34,163,316,3,242,281
162,287,409,323,14,75,321,252,349,267
7
449,186,219,114,219,374,66
147,186,32,302,246,372,141
151,149,445,466,119,206,406
488,378,420,449,155,193,475
230,333,249,106,19,114,118
102,210,409,245,25,293,15
425,14,79,335,385,6,479
9
71,307,485,58,402,309,471,316,491
36,205,324,3,60,149,181,100,463
387,139,340,271,159,191,354,168,198
478,496,249,375,379,474,312,181,26
314,216,250,98,36,85,105,132,464
272,229,313,405,346,159,117,169,413
250,301,273,394,240,86,355,394,268
312,265,435,46,274,41,114,143,106
371,367,258,348,445,16,324,62,448
5
120,234,10,95,204
334,14,388,280,272
486,386,348,161,122
470,287,302,22,288
163,377,132,166,249
3
88,219,478
282,341,295
63,84,111
9
323,346,329,381,328,2,428,320,117
58,12,439,29,59,383,88,143,264
140,16,441,485,131,271,367,437,220
454,314,43,377,286,88,74,314,132
134,138,373,210,147,331,390,41,392
241,320,364,422,98,335,24,28,383
205,66,241,90,26,70,197,164,365
162,379,398,264,59,313,295,258,199
430,223,202,142,448,44,282,347,34
7
216,484,31,120,67,124,282
336,327,231,393,314,262,152
499,389,18,7,435,86,389
42,35,87,98,304,296,349
370,344,105,332,155,487,148
173,43,259,228,325,454,277
358,120,56,250,349,402,180
10
117,405,164,88,458,71,158,50,284,216
156,237,360,155,409,185,102,377,60,103
356,158,18,37,338,453,348,26,330,125
325,174,232,377,162,15,130,72,295,95
169,140,58,376,494,452,442,28,356,256
242,360,77,446,269,153,98,95,128,151
476,140,192,281,320,201,37,366,171,85
275,155,19,29,398,338,427,93,358,301
133,389,440,193,474,336,199,60,206,278
305,468,36,438,186,490,75,237,337,245
7
176,495,182,407,75,105,56
30,190,249,20,364,337,313
262,488,298,340,9,437,40
32,304,401,185,111,153,254
302,150,191,443,428,272,144
170,417,467,379,177,59,297
234,47,331,437,325,40,406
8
69,283,13,216,34,128,382,44
394,164,463,248,426,177,257,296
396,454,9,30,161,47,247,369
435,135,371,266,277,341,400,327
211,368,6,40,482,1,456,130
97,204,283,86,117,123,158,290
59,473,387,380,74,251,470,431
303,476,299,392,339,380,59,302
8
415,325,45,425,448,355,245,128
352,438,415,314,349,95,429,343
383,145,311,54,363,288,301,165
190,170,339,358,332,124,173,307
1,303,179,422,467,256,252,213
104,324,17,344,463,492,107,436
216,384,342,321,13,220,303,252
36,205,276,427,117,77,73,358
3
30,489,243
86,303,381
387,229,109
10
25,461,12,415,118,281,283,176,92,186
33,243,262,153,174,340,365,295,175,203
116,122,378,86,264,259,329,172,112,203
340,112,127,86,92,243,457,390,320,479
291,493,46,20,283,489,9,322,214,198
320,413,416,125,89,71,236,191,9,163
179,202,330,293,345,271,211,210,423,275
498,308,337,91,163,10,266,433,384,127
471,396,463,158,411,187,226,397,23,310
10,446,500,436,250,322,258,472,420,356
9
395,98,160,230,79,146,64,188,104
68,70,259,166,392,97,138,479,12
98,127,274,480,145,155,313,312,74
100,384,152,166,430,262,433,106,368
31,339,205,101,345,343,231,124,295
391,230,15,154,495,139,191,2,83
207,163,63,100,338,343,461,211,140
229,253,95,172,145,250,368,68,409
455,301,12,215,213,144,442,87,237
10
192,464,139,94,464,448,424,30,221,34
204,299,258,81,367,1,341,350,108,35
140,275,143,119,83,228,154,136,458,29
339,124,352,141,122,435,278,238,372,185
300,414,391,306,313,347,295,196,289,215
284,480,148,189,292,182,40,185,207,232
75,8,449,206,253,8,168,475,452,351
419,195,290,61,306,95,33,92,241,422
440,118,160,208,74,89,433,336,430,293
24,434,476,264,485,52,497,349,20,390
2
241,349
92,225
6
498,352,148,91,61,277
452,453,500,293,247,185
11,442,223,250,477,240
76,458,451,495,282,491
134,100,387,239,450,284
409,428,377,59,132,418
2
415,11
300,257
8
110,119,275,273,392,201,238,115
374,471,371,479,192,232,90,364
381,75,251,245,243,176,343,301
258,227,251,293,12,410,198,86
357,96,434,341,243,381,45,446
62,266,376,498,340,7,233,386
373,190,334,231,59,48,294,312
342,8,477,343,218,303,270,301
7
145,152,435,90,66,408,393
428,356,109,181,61,469,89
75,37,40,329,63,294,174
435,194,170,129,209,98,187
62,421,226,438,68,250,156
235,249,70,13,336,13,169
319,327,103,162,87,335,340
3
47,71,380
126,21,47
413,77,415
6
382,72,472,435,90,334
110,323,245,239,126,417
289,261,109,124,14,276
449,311,495,8,212,27
441,317,350,303,430,241
142,332,151,477,343,67
4
0,474,368,432
89,417,312,189
305,429,89,245
156,374,338,110
8
395,437,468,156,152,439,262,303
114,38,217,224,9,430,349,223
303,58,172,370,228,82,418,262
298,411,409,23,91,374,79,440
427,55,45,296,80,427,344,264
160,54,350,202,245,59,290,79
89,389,386,426,362,190,493,250
40,450,56,280,249,215,452,366
7
491,257,308,37,477,217,45
251,269,16,228,94,231,380
103,308,49,190,191,31,372
190,496,296,82,306,281,82
270,425,5,422,206,213,46
113,148,126,41,439,227,295
132,458,104,345,131,469,30
6
459,345,187,220,237,219
328,398,161,188,307,421
164,372,207,283,0,324
130,317,47,68,205,293
231,475,125,340,411,328
377,258,18,264,494,183
8
224,282,416,40,434,219,114,6
343,96,243,433,206,43,94,152
291,477,393,405,259,487,396,498
233,414,340,104,399,492,393,497
379,276,330,448,215,283,220,80
24,215,420,386,374,153,269,387
148,281,184,177,278,408,187,153
145,242,430,14,280,364,338,77
9
34,31,435,454,79,131,461,390,0
342,215,65,323,469,401,20,54,324
272,188,181,396,127,483,24,440,426
364,368,244,217,350,201,116,83,291
304,385,80,218,295,104,456,89,212
63,281,214,460,95,91,176,281,215
271,151,352,463,154,404,126,43,479
171,469,27,368,189,435,2,167,436
113,371,311,23,303,430,200,439,301
2
420,164
152,391
5
430,227,15,52,235
277,234,128,202,271
177,208,433,376,178
8,161,375,54,104
17,395,228,429,226
5
90,165,105,469,178
346,326,52,468,468
179,232,364,148,458
217,191,427,18,53
347,225,329,66,2
5
439,247,343,17,168
320,85,402,177,419
185,498,500,479,210
281,422,468,226,235
292,495,153,331,189
2
353,342
479,414
5
205,88,115,257,463
166,477,32,247,420
101,186,250,201,98
361,310,451,2,23
472,128,171,348,73
6
82,62,352,53,28,403
439,193,424,23,221,322
445,89,85,131,428,318
246,231,19,85,417,291
382,482,6,18,103,106
445,108,241,151,198,449
2
4,6
2,8
3
1,2,3
4,5,6
7,8,9
