2 3 | 22 21 | 12 17 | 24 19 | 25 20 | 24 25 | 12 7 | 18 17 | 18 23 | 24 23 | 20 19 | 17 18 | 11 6 | 9 4 | 7 12 | 15 20 | 19 20 | 19 14
25 20 | 7 8 | 20 15 | 6 7 | 13 14 | 8 3 | 16 11 | 16 17 | 3 8 | 11 12 | 12 7
12 17 | 11 16 | 13 14 | 6 7 | 5 4 | 25 20 | 6 1 | 4 3 | 20 25 | 15 10 | 2 3 | 21 16 | 4 5 | 9 10 | 3 4 | 19 24 | 14 13 | 17 18 | 8 13 | 4 9 | 18 17 | 24 23
1 2 | 2 3 | 3 8 | 8 13 | 13 12 | 12 11 | 11 6 | 6 1 | 2 7 | 6 7 | 7 8 | 7 12 | 3 4 | 4 5 | 5 10 | 4 9 | 8 9 | 9 10 | 10 15 | 9 14 | 13 14 | 14 15 | 16 17 | 11 16 | 12 17 | 17 18 | 13 18 | 18 19 | 14 19 | 15 20 | 19 20
23 18 | 25 24 | 10 5 | 7 2 | 19 24 | 12 13 | 8 9 | 6 7 | 2 3 | 11 6 | 2 7 | 23 22 | 16 17 | 18 23 | 5 10 | 11 16 | 14 15 | 9 14 | 18 13 | 7 6 | 4 3 | 10 9 | 1 6
20 15 | 19 18 | 15 20 | 7 6 | 23 18 | 10 15 | 12 17 | 13 14 | 14 19 | 8 9 | 13 12 | 9 14 | 17 12 | 1 2 | 20 19 | 19 24 | 21 16 | 24 23 | 24 19 | 11 12 | 9 10 | 6 11
16 11 | 10 9 | 9 8 | 2 7 | 13 12 | 10 15 | 12 11 | 24 25 | 3 8 | 12 7 | 14 15 | 24 23 | 7 2 | 3 2 | 16 17 | 13 18 | 20 25
16 21 | 10 15 | 19 18 | 3 8 | 7 2 | 1 2 | 18 17 | 23 22 | 19 20 | 7 6 | 11 12 | 8 7 | 20 19 | 4 9 | 24 19 | 13 18 | 9 10
1 2 | 2 3 | 3 8 | 8 13 | 13 12 | 12 11 | 11 6 | 6 1 | 2 7 | 6 7 | 7 8 | 7 12 | 3 4 | 4 5 | 5 10 | 4 9 | 8 9 | 9 10 | 10 15 | 9 14 | 13 14 | 14 15
23 24 | 8 7 | 25 20 | 23 18 | 6 11 | 24 25 | 22 23 | 13 8 | 14 9 | 10 9 | 18 17 | 11 12 | 16 17 | 14 19 | 9 10 | 12 7 | 8 3 | 3 2 | 25 24
19 24 | 5 10 | 12 11 | 3 2 | 2 1 | 16 11 | 9 14 | 17 16 | 8 3 | 13 14 | 7 12 | 16 21 | 11 12 | 7 6 | 6 1
1 2 | 2 3 | 3 8 | 8 13 | 13 12 | 12 11 | 11 6 | 6 1 | 2 7 | 6 7 | 7 8 | 7 12 | 3 4 | 4 5 | 5 10 | 4 9 | 8 9 | 9 10 | 10 15 | 9 14 | 13 14 | 14 15 | 16 17 | 11 16 | 12 17 | 17 18 | 13 18 | 18 19 | 14 19 | 15 20 | 19 20 | 16 21 | 21 22 | 17 22 | 22 23 | 18 23 | 19 24 | 23 24 | 20 25 | 24 25
1 2 | 6 7 | 6 11 | 24 25 | 15 20 | 19 24 | 11 16 | 7 6 | 22 17 | 6 1 | 7 2 | 8 13 | 2 1 | 4 3 | 9 4 | 10 5 | 23 18 | 2 3 | 17 18
19 18 | 10 9 | 3 8 | 17 16 | 7 8 | 22 17 | 9 4 | 24 19 | 8 9 | 12 7 | 23 18 | 16 21 | 21 22 | 14 19 | 9 8 | 1 6 | 13 12
24 25 | 17 18 | 20 19 | 24 19 | 10 5 | 24 23 | 10 15 | 4 9 | 3 4 | 13 12 | 16 11 | 15 20 | 8 7
17 16 | 18 13 | 7 8 | 9 14 | 20 25 | 25 24 | 2 7 | 22 23 | 13 8 | 14 13 | 11 16 | 2 3 | 17 12 | 20 19 | 25 20 | 3 8
8 7 | 18 13 | 10 15 | 6 1 | 16 11 | 22 17 | 18 17 | 17 22 | 2 7 | 13 18 | 17 18 | 3 8
20 19 | 24 19 | 10 15 | 17 18 | 24 25 | 6 7 | 13 12 | 10 9 | 9 10 | 17 12 | 18 19 | 16 17 | 5 4 | 3 8 | 11 16 | 4 3 | 15 14 | 18 17
10 15 | 9 10 | 20 19 | 1 6 | 18 19 | 9 8 | 5 10 | 24 25 | 14 19 | 23 22 | 7 2 | 12 11 | 5 4 | 21 16 | 13 12
10 9 | 19 18 | 19 24 | 23 18 | 19 14 | 7 2 | 9 14 | 20 15 | 7 8 | 1 6 | 15 10 | 9 4 | 11 16 | 25 24 | 13 14 | 3 2 | 22 21 | 11 6 | 10 5
7 8 | 8 13 | 12 13 | 12 7
7 6 | 9 4 | 9 14 | 2 3 | 10 9 | 10 5 | 3 2 | 20 15 | 25 24 | 13 14 | 12 13 | 23 24 | 6 7 | 2 7 | 21 22 | 7 12
24 23 | 13 8 | 5 4 | 11 16 | 4 3 | 6 11 | 24 19 | 17 22 | 1 6 | 2 7 | 20 15 | 23 22 | 7 2 | 18 19 | 21 16 | 7 12
23 24 | 22 23 | 10 9 | 2 7 | 3 4 | 17 16 | 14 13 | 15 10 | 5 4 | 21 16 | 4 5 | 19 18 | 14 9 | 20 15 | 11 6
1 2 | 6 7 | 7 2 | 1 6 | 2 3 | 7 8 | 3 8
7 2 | 12 11 | 8 9 | 17 18 | 20 19 | 8 3 | 24 23 | 17 16 | 21 16 | 19 18 | 14 19 | 9 10 | 10 15 | 5 10 | 7 12 | 4 5 | 15 10 | 12 13 | 6 11
4 3 | 12 11 | 18 19 | 13 12 | 10 5 | 9 14 | 14 13 | 20 15 | 23 18 | 3 8 | 13 8 | 21 22 | 17 16 | 8 9 | 25 24
2 3 | 5 10 | 18 17 | 8 7 | 10 5 | 24 25 | 13 12 | 6 11 | 18 23 | 4 5 | 11 16 | 19 24 | 14 15 | 23 18 | 12 17 | 7 2 | 23 22 | 8 3 | 22 17 | 6 7 | 7 6 | 4 9
12 7 | 14 9 | 2 1 | 19 24 | 12 13 | 14 15 | 8 7 | 7 12 | 10 9 | 4 5 | 13 12 | 1 2 | 16 11 | 23 22 | 17 16 | 21 22 | 8 9 | 20 25 | 8 3
13 18 | 7 6 | 10 15 | 1 6 | 1 2 | 5 10 | 12 11 | 22 23 | 16 17 | 22 17 | 15 10 | 9 4 | 6 11 | 8 13
7 12 | 14 13 | 18 23 | 14 15 | 7 8 | 12 7 | 24 19 | 12 17 | 22 21 | 10 15 | 17 18 | 7 6 | 19 24 | 20 25 | 8 13 | 13 8 | 20 15 | 19 14 | 15 20
17 16 | 13 8 | 6 11 | 23 24 | 11 16 | 7 2 | 2 3 | 8 9 | 12 11 | 9 14 | 24 25 | 22 17 | 17 22 | 9 10
20 25 | 13 14 | 23 22 | 7 12 | 9 10 | 10 5 | 3 8 | 18 23 | 4 5 | 13 8 | 8 13
1 2 | 2 3 | 3 8 | 8 13 | 13 12 | 12 11 | 11 6 | 6 1 | 2 7 | 6 7 | 7 8 | 7 12
19 20 | 8 13 | 3 8 | 11 6 | 3 2 | 7 8 | 13 8 | 18 19 | 17 22 | 11 16 | 12 17 | 19 18 | 6 1 | 7 12 | 22 21
4 3 | 11 16 | 15 14 | 21 16 | 16 11 | 7 12 | 13 18 | 9 4 | 2 1 | 20 25 | 8 13 | 19 14 | 4 5 | 22 21 | 15 20 | 18 17
1 2 | 2 3 | 3 8 | 8 13 | 13 12 | 12 11 | 11 6 | 6 1 | 2 7 | 6 7 | 7 8 | 7 12 | 3 4 | 4 5 | 5 10 | 4 9 | 8 9 | 9 10 | 10 15 | 9 14 | 13 14
19 18 | 20 25 | 13 12 | 22 21 | 17 22 | 3 4 | 13 18 | 2 1 | 21 22 | 9 14 | 18 13 | 16 17 | 3 2
9 10 | 18 17 | 18 23 | 7 12 | 8 7 | 9 14 | 3 2 | 11 16 | 19 24 | 14 13 | 7 2 | 24 23 | 9 4 | 23 24 | 4 3 | 20 25 | 15 20 | 18 19 | 3 8 | 17 18
4 3 | 9 14 | 10 9 | 2 7 | 9 4 | 5 4 | 13 18 | 18 19 | 9 8 | 11 6 | 20 15 | 25 20 | 13 14 | 19 14
