9179,1086 3050,6121 1868,2974 150,1718 5242,516
8141,1918 2384,592 3227,5559 5581,7461 3507,4305 4434,3714 2257,8053 4894,2105 7926,3776 2681,8090 4087,1457 8560,5325 5841,8663 3036,826 9453,7274 2661,341 5955,1528 8164,7048 6978,5076 9680,7134 6349,2684 9778,8107 5615,4476 8355,1266 2357,7823 3941,5751 8749,6455 2671,6457 5729,1474 4124,2284 765,6172 6975,2370 4297,4536 6462,2385 5842,6801 1797,1952 3466,2009 8757,3836 8678,4659 8070,5667 3686,7584 5713,9818 6710,5143 2929,8211 7565,5569 4001,6151 9771,3797 9966,1740 3796,5895 2087,7571 5905,3371 6049,3693 1918,3587 3926,1236 9096,5814 6593,3394 6482,3911 7248,967 1776,1611 9447,633 2511,4137 637,5787 3371,700 2744,1221 7810,9679 8031,1222 6078,2757 3379,1667 7771,9947 6236,1857 4338,8673 3192,4659
4578,6855 6431,5572 7016,1038 2830,1808 7306,8576 1257,817
8851,2382 6998,9619 7381,9404
871,5408 9729,6464 2868,9468 1107,1129
770,8336 5518,9750 9112,8865 8857,2101 633,5477
6118,1663 6472,4022 1563,6741 2459,4546 8354,7929 1071,3716 7591,8045 8080,2367 3693,6489 549,5801 1145,7323 9681,7285 8868,8976 3665,6555 2983,8802 9327,4497 1399,5194 2332,2755 1786,1363 1760,3480 4550,2198 8976,1989 7102,7506 3911,354 856,1411 9564,344 7569,6667 7284,4263 5445,1768 8755,3590 2267,7571 9951,4800 2095,2394 9568,3520 5248,1639 8647,9188 7946,9840 6828,9060 6657,6910 9690,9282 2228,2585 2581,2309 8094,6209 2878,6856 3765,4629 4691,3890 8370,7415 4258,9944 2716,9581 4504,8094 4997,6280 8658,8768 2920,1639 2275,7106 5148,7245 7601,5141 2718,9510 6648,7896 7036,3429 1950,5515 3973,7270 2710,2851 9643,5831 5037,5884 4433,775 1328,8607 7212,3984 3254,2951 7175,8422 8801,4431 4939,8183 6469,4514 7951,7263 7652,5277 1935,3505 422,2564 8643,8688 3034,555 3552,1174 8776,132 4967,6995 538,8387 3892,9895 3889,7386 8201,8034 8624,4851 2159,8995 4923,4231 9918,8629 2703,4282 6025,4022 2732,415 9440,1065 2054,8522 5546,4505 5861,5893 9168,6786 8390,7215 4546,3132 5163,4 1068,2462 9604,1967 7609,1436 9396,7634 4891,4489 2653,9792 368,5724 3462,2292 2192,5018 1716,7223 2842,9590 2377,5763 9916,8509 616,8815 3599,6523 953,5221 2765,4967 4074,8051 7572,7236 980,5658 2217,5523 2140,2867 1564,8524 9302,43 9356,650 3145,7134 338,8402 2979,9768 1868,6798 113,1030 8221,8766 3556,2407 5588,4162 2886,53 2194,7652 8111,899 2817,7408 6629,2896 1271,1022 2624,1318 5088,2397 5942,2588 4377,337 3723,7023 8956,2206 2583,6193 3332,9893 2889,2274 9286,934 2120,5377 5108,5344 8011,9979 2265,9517 1714,3906 2613,3551 6335,6041 6035,9753 9922,8968 9915,508 6602,8050 872,9940 4742,3349 4091,1469 8103,9369 2842,3426 8700,9238 490,1517 3822,1421 8448,890 4547,6180 2104,9541 8955,7814 1626,8694 7128,5545 29,8474 3262,3108 9259,3456 2052,7150 4353,7465 5416,6088 7916,9207 8167,1820 141,1953 9633,8457 1938,6294 1901,860 8917,5544 5720,8715 4270,5545 3548,5407 4243,6581 2285,5809 1184,778 3805,8954 2947,2532 1250,1921 5758,8731 7236,143 8815,8235 5239,9073 6318,8826 919,7956 4804,9640 8796,7431 7621,2467 9613,994 257,8080 9144,892 7321,6258 5680,4416 4539,4006 7275,3796 2001,4317 8691,5331 2249,9502 7829,2518 1046,3151 7093,5171 3991,3926 6454,8579 4800,6685 3419,8479 5417,65 7434,1377 9554,9459 9786,3950 6413,501 3439,1444 4772,9295 8913,3161 2006,8451 8004,1657 8186,4311 5675,224 6834,6827 3251,8731 1361,5334 5378,5846 7560,8672
966,2110 9191,1458 7568,8816 6388,3574 7365,988 7581,7866 2515,2842 5117,7962 9860,5648 3377,6662 6576,6723 4755,8654 1978,2064 386,731 5760,1910 9181,5503 8677,4926 3971,8997 9338,159 8483,5319 3985,9383 670,4456 7551,7219 5021,5373 7556,1813 1275,3928 3,6607 5648,7368 2424,5170 1149,7519 8077,2409 2754,908 1287,4153 435,7195 5837,6873 6999,1642 1282,8 4777,7960 5799,665 9116,5228 3861,6317 872,3481 2962,5620 3607,8492 3608,9491 5714,6240 9407,6906 664,8211 7391,9084 1986,4410 4087,4714 3002,3107 5256,6948 8659,9430 8914,4087 1733,9837 7152,1864 2490,6272 5500,2582 6489,8731 7492,9640 5276,6942 5368,4497 5075,4035 7880,1090 5025,1076 2230,8504 9725,199 9340,7927 3168,7499 6636,3 6090,7484 5383,5161 630,2825 1642,4932 1101,4600 8752,3655 6626,7747 9806,4588 6552,7923 9448,8016 9078,7054 6585,9972 4944,4154 3142,6820 8694,935 4721,1032 5018,6662 3841,2511 2763,2439 8589,9092 1612,638 8944,9620 9333,7401 5593,1546 5362,7931 9269,2365 2426,3654 9303,2285 238,4611 3713,7647 6227,6814 2660,3093 6350,1997 3098,2831 6512,7461 6357,2254 9990,5540 2114,4827 3294,1460 9751,2170 5391,9142 3967,287 4338,714 8918,155 9484,506 4007,7937 5138,5515 8152,172
3051,9287 7983,1621 8012,1883 7191,8791 3227,7802 626,4421 7928,5272 926,2901 6627,8447 5508,2009 2734,6866 1423,4469 1538,7612 3782,597 1540,9891 2892,4050 868,7249 9245,597 9295,7750 2015,2682 3217,4537 4337,1615 9147,7043 8981,2912 2435,593 4512,5637 601,8353 2411,4739 8012,7870 6946,1696 3645,884 7497,44 7869,3185 7558,3655 5522,1809 3450,5986 4449,8495 3706,3173 4902,3438 5253,2983 9087,3601 5452,7327 1320,4801 6073,2293 3552,1379 6765,6363 5040,329 9636,8997 1983,3070 2054,2957 6566,7798 4291,1817 1929,2816 766,2341 2466,1440 5038,8041 4170,4028 4515,6877 1676,1859 3705,3443 4591,873 5361,4644 2608,3380 4595,4072 824,4836 3823,3762 9668,3975 8263,2713 4024,3255 9661,5071 5972,2705 4698,5778 5185,6964 9088,7786 1791,2229 7606,333 7961,7442 9239,4729 7809,1750 2731,6448 645,3202 1439,5354 4506,8197 9899,4346 2345,2639 5618,1712 1260,4254 167,1181 8210,904 1493,4396 8391,2871 9822,8783 5658,2881 8209,5774 9165,7487 3757,3011 3538,1661 1431,557 4250,3846 2475,5515 8956,5362 2790,2480 8882,4590 1498,5771 6273,2043 4454,3991 742,3482 2934,4794 3151,6696 7359,4730 5475,9708 2316,5636 8984,8521 9542,1941 596,4489 6247,2835 8741,4521 9212,6445 3234,5659 8241,2515 1322,5315 3732,3975 5936,6173 8662,1148 7152,4830 3074,1295 3782,2040
1697,8196 754,6108 2043,3522 3386,6761 9093,8222 4648,4018
2259,8142 9379,7447 6268,5800 3965,1260 7441,5537 2481,3316 1873,1084 9032,4955 111,7 8409,5627 5319,7088 3622,942 1071,9219 295,8732 501,5519 4872,8701 8918,38 4877,9709 4448,1355 9646,7223 5588,8347 6615,5455 6387,3072 7762,9046 4655,5219 7804,8118 7068,5987 7056,8628 2160,4490 1635,1839 4342,6564 5140,388 9738,4043 5208,3089 9011,7466 6259,6644 3645,9145 9889,2831 3698,4189 2714,4933 8285,3225 1572,842 8993,2470 1606,6599 5260,1289 1203,3430 3192,7361 3610,0 6789,7576 7467,1700 7718,2924 6076,2306 9291,5257 9842,5499 5784,892 3463,5549 9074,2298 8711,9210 2822,4364 7201,9721 2271,9296 6938,6778 3938,9303 6788,5373 4726,6056 9240,8990 2761,5105 1454,689 2678,4068 2975,5646 4543,2131 9587,1413 3434,3051 5261,7500 1370,9541 9958,2372 8822,1088 7945,5644 2964,767 2037,3733 1315,1013 6123,5615 2017,8454 7075,2106 6090,3055 8024,5492 5236,1863 1590,9826 8875,1723 1974,6908 883,5838 3828,1593 5759,8370 8892,9756 2667,1090 4315,5345 907,7217 7193,8882 8184,8502 8656,503 6138,8015 7928,8917 5048,9426 6457,8647 1726,7396 1255,2038 8956,4073 3979,4226 6160,6152 405,7582 2762,4114 2751,151 4301,8007 329,9662 415,8620 5800,852 2243,1413 7538,2056 5774,8693 7612,8805 8499,3038 5090,7301 362,3659 2160,6677 3960,3638 2540,9245 8174,1729 7366,8908 8484,8613 8430,4218 4487,8528 4842,8504 1677,9664 2619,3136 7761,6842 6229,9200 1521,3744 4291,9972 6166,9268 537,5913 2436,2581 8964,2802 9771,1337 9922,6352 1098,6244 6731,9414 9272,9860 2378,9453 8169,3694 2011,5102 4151,42 9103,313 1111,1520 8554,2370 6937,1855 1687,2626 1730,9865 8861,536 7844,2693 4889,8917 4290,1832 9140,9466 6422,5826 304,5130 6737,2835 5370,8771 9746,7911 9650,1622 1294,2062 647,9582 9060,5760 4756,6045 6915,3308 571,5667 1490,9063 7670,3532 5129,4646 6855,614 594,5366 5824,9304 5870,6288 1610,7309 6969,9250 5783,5687 3773,508 9074,4377 2112,1377 7964,786 7639,5581 6684,6210 3655,9783 6500,9333 6144,8967 3773,3354 1687,1109 9926,1216 8717,1187 8082,69 3347,6152 8043,562 9881,2699 1513,6498 8957,8894 6153,5303 4764,317 371,6208 2431,3258 3510,1124 3112,9675 8960,2412 4064,8563 8662,5605 9284,476 1749,3156 5887,9900 4595,1103 9218,7681 1505,3021 5932,785 711,6974 2939,5921 2837,8713 6231,3228 8770,235 7190,7632 7112,6739 9054,9769 2758,6072 2909,1605 7032,4767 3760,7615 2698,8542 3818,1633 6799,3517 5012,7360 6540,2452 9216,5155 4862,5180 9950,6074 295,4596 3972,9525 2776,6090
6779,2040 5312,7812 6385,8557
9169,2223 8896,2579 4316,6344 7077,8624 1108,3650
2634,9289 7895,7390 4832,7777 196,4985 4937,7186 3379,1274
192,6753 2006,7285 1016,796 7599,4056 8804,5969 8148,9052 967,2183 2106,3651 9404,4202 9463,944 9289,1625 4978,8278 9053,4555 8057,2398 1823,1777 4555,2853 3193,9419 5950,6592 9103,5523 9771,2819 7660,1059 4110,3677 8733,1891 5104,7333 9676,3073 1855,5628 8371,7751 4039,9973 4492,6136 3875,6992 496,8165 1332,168 6551,2777 3481,848 1171,4411 408,4019 3901,9748 6531,7119 1504,736 9935,5421 26,9671 150,7246 4303,8384 9835,4194 9636,2262 1666,5426 6481,70 3469,2381 2478,1965 6159,9593 7816,6888 9249,5299 9572,9233 5909,8122 1109,230 8893,9899 742,2283 8559,9112 4594,7197 6475,3949 9781,6840 3378,9186 6341,8641 8497,8837 2792,8724 7658,7985 5534,2136 3151,5122 1293,6779 5045,80 8598,6633 8431,8044 3347,5531 4435,7788 5422,5281 2904,1339 5075,8079 3160,9567 2307,2198 6439,7650 3978,8651 8172,7218 6631,6984 6265,6176 7325,5756 3329,6586 4771,1171 4595,1910 148,2369 9992,8357 1859,8841 3219,2934 7590,9421 4202,5278 8888,2550 2804,6818 3760,6138 3808,6744 7779,750 1498,7955 5882,5223 3563,2104 5400,5701 5460,396 785,1206 3601,1870 4205,8376 3058,6552 8441,1819 8155,9246 2709,3770 7117,7781 3676,1706 7845,3220 3091,1239 7688,4566 5910,8885 6374,3977 4078,7479 4167,6144 6687,4508 5966,7701 353,5729 8762,1866 293,9471 2610,8957 1589,3724 5793,6601 9694,5262 6696,2401 5974,1885 3165,7673 5268,6700 9074,876 1507,3039 5669,4216 6887,5614 9365,7803 8843,4540 5821,9181 6037,1841 6311,6474 679,4406 8347,4566 5773,9049 6076,1592 3698,358 8354,1910 7181,8172 7215,5386 9540,1057 8406,3700 7603,757 3601,7909 7708,9243 898,9295 8125,4130 8792,7335 1834,9011 9111,7298 4358,7602 1195,9490 9302,5911 9016,7198 2950,1948 6415,1125 5715,3185 3422,3790 4782,3927 4395,6122 4931,1072 1533,7729 569,8150 4951,219 7312,8002 7953,8549 7623,7984 5171,2944 1307,9234 9006,372 7585,6137 9924,3419 6269,3042
5173,4686 7007,2330 5722,6978 2421,1024 5218,8122 6729,8245 2183,8435 6422,5541 9595,9321 6037,6717 2724,1391 5920,6488 7737,1063 7375,2086 5235,659 4088,7204 3461,6909 9397,4328 4757,6724 6203,4260 1704,3504 8448,5130 5239,4555 8458,7403 9544,2093 1793,2460 8581,7663 9649,1765 9016,7425 9010,5288 3501,7991 1414,6773 1930,2926 3500,45 2833,6614 9524,6658 6150,7728 3825,8489 7402,6648 1703,8933 8420,8161 9235,4986 8363,7860 2945,125 882,2538 1615,8677 5633,6640 9218,596 2891,3820 74,3621 7718,7196 9020,4049 698,9424 2168,2532 4504,3974 2183,2342 4939,6197 1018,8512 3942,2323 3496,7950 4607,7699 2483,224 9724,6286 0,1755 893,2702 4661,7476 4321,6865 5506,1782 4830,8087 7688,4890 4770,3369 6085,2806 7840,3899 9669,1376 9160,4559 8759,6473 8195,2489 3353,8366 4362,8078 9482,1344 4050,6068 4700,7818 4417,9667 3902,6185 8366,4603 2361,7973 279,1002 4316,8795 6524,2978 8840,2690 1064,7133 2929,7361 459,4089 8494,68 5442,8271 3762,274 4957,5137 6735,2798 1775,8627 9281,6105 5863,5937 8636,3894 7365,3649 5794,4046 7541,4304 4990,9196 4027,4575 1023,9578 5120,7217 2941,7753 4244,6790 8728,8473 8532,8855 1753,230 3942,6220 2043,5650 640,5838 7882,6015 175,7374 9434,2932 1404,7451 8150,7625 7568,7594 3577,4462 5047,4657 1116,6859 9008,803 4302,3171 1773,7910 9587,532 1492,5576 4577,9067 1446,4211 3723,6682 3783,6481 2632,2997 3715,2835 1488,4504 8971,3350 8264,9116 6884,2072 976,5824 4554,1749 6620,6908 8556,7330 5631,8294 1469,5785 7701,3004 6817,1226 6727,3579 4105,9169 8890,7300 4229,7152 1543,329 9000,2254 442,3485 1899,8583 6540,262 9443,7248 9818,7368 1931,7033 1531,911 5997,9277 2208,4208 4249,993 7867,4255 5282,3442 9510,5816 4778,3719 9299,8152 5324,8172 4203,8098 3072,5186 3097,9263 6536,8665 9766,7100 1641,6441 9595,4098 9708,4630 827,4361 702,8462 6992,9826 3,3077 223,3960 4520,9433 2086,4806 9929,5662 2241,3930 370,9569 8696,8803 4430,9855 5145,1701 7661,9937 1854,6842 1061,2080 3457,6019 5255,1364 1548,7795 6554,5341 9966,255 3596,1951 526,4029 3655,2474 557,5736 2989,7092 2348,3592 3621,7877 8341,6977 2194,5315 2709,4871 9623,9488 8263,7094 8233,7841 3607,221 2458,8997 7287,6724 8162,9387 633,9658 1276,9243 3129,789 2175,4180 9473,3088 1737,8168 1102,9188 3489,9636 6897,9744 7451,4449 6964,999 955,7432 7006,3302 5706,2463 4561,5232 8191,1669 9516,6510 8850,7447 4222,7039 4836,5579 4485,2581 3119,1003 6495,8329 9148,9668 9479,1647
6643,4958 6003,8035 9303,9357 2889,351 9909,825 376,6919 3376,1068 1220,7831 6361,9553 7704,4305 271,1320 2493,9740 5967,2608 3526,6951 3568,7302 6723,1614 6217,7504 3563,305 873,6331 7035,1678 2324,3005 3415,3443 6961,3943 369,9732 8973,9984 9284,1120 7566,1895 332,703 8801,6754 9616,5167 1695,8399 6604,2248 122,7295 326,8578 4207,261 1818,5293 864,6297 295,8 3996,1271 7395,926 7343,9063 6768,1435 1875,7992 4011,3637 1070,7313 3676,8536 5353,8839 898,2079 8415,9565 3667,1469 4652,7301 8652,4074 5703,9187 2764,2924 2711,8869 180,8896 7359,7684 1352,6923 9172,5432 2581,7546 4629,1200 8803,9698 6343,7 5167,7153 2182,9490 4024,2910 6397,770 4887,962 9104,1290 5298,6604 6788,9186 8075,8203 3567,2483 9548,9897 9,9979 5691,5451 500,3994 7396,5889 3085,7005 4821,6464 2452,750 4212,7818 8548,7816 728,1602 7055,6785 4127,0 2845,5319 1986,2157 1514,6731 6515,7684 4026,5189 5951,3995 1964,6565 554,6391 4277,9059 4911,6081 4528,3963 8299,4608 6689,5951 8555,7289 6661,6699 9216,6786 8880,7886 712,5231 7070,2490 3541,7621 2193,1256 2655,4061 6038,6863 5264,9923 2210,8257 4816,2873 8438,5758 8136,4265 6357,6721 1338,7856 9928,4124 1608,903 8253,3034 8631,2945 2242,407 3093,9955 2463,8056 799,1176 6613,7772 976,6890 603,7516 9902,1160 2060,6770 279,3863 8590,607 5191,7083 4579,5750 7889,1140 6019,3038 8161,8024 8387,9827 7196,4190 8882,1548 7902,5071 7170,5339 7881,2186 2944,5413 9573,6320 8408,3345 3286,9679 5812,8284 7149,7166 9811,5620 411,5642 2161,4886 9266,9427 9335,5446 1772,3015 4388,3800 9070,28 7778,1304 9045,7211 8101,4754 8814,9639 3581,5457 6663,3480 41,9182 8969,231 986,2871 7263,8422 9601,43 236,5892 4832,9687 4834,70 8617,1762 1690,9187 603,4633 7030,6766 8407,5720 9976,8427 6255,7007 7362,8416 3102,3955 8837,9702 3178,9853 1762,9262 3577,8027 5105,9532 5213,7784 2368,3249 2525,1023 3436,8700 7925,9472 9617,3347 1682,6900 9495,2475 4720,2237 6702,6479 9267,3793 3959,9647 5206,2605 8388,7972 7819,9292 5384,1592 6057,2526
1334,7006 2564,8448 1808,6876 2353,8149 3501,8915 2994,7449 9147,368 3568,9101 2567,5704 433,4011 4063,6083 5339,8787 8691,1499 4940,6439 1971,699 2731,7416 7904,9725 5492,2885 499,6978 4966,9986 2022,4348 35,2600 3169,7264 2303,9543 6239,7568 813,8258 3361,4352 1037,8597 9572,8832 206,820 1373,1188 9748,9791 5557,5474 923,5233 3446,2367 1393,830 3038,7381 4856,144 4610,666 1044,2980 1630,9908 1264,5689 685,3901 4484,31 3409,1584 6714,6840 6316,8864 9292,6407 5317,6606 6947,6817 5937,3151 9331,1812 9246,2899 1105,4343 1373,62 903,1898 878,5068 6851,9214 8647,5168 4247,6626 5533,4048 2771,726 298,4291 8937,4277 3226,3147 1326,5876 9077,2370 5889,6947 1477,5599 3260,3257 4684,9804 8953,6485 6225,7171 7815,992 2702,7614 4243,1523 3341,2464 6873,2593 4188,1683 5098,1220 1686,3213 3306,8992 6424,9776 4994,7434 8643,7556 8931,3659 6874,4436 4267,8511 4055,6714 2989,616 5928,4361 5116,626 1734,6690 1007,3586 885,4802 3281,1766 4631,9880 1976,3216 6860,2189 7217,4185 2763,9 3689,3756 1996,5937 6896,9062 8580,3050 1139,3716 7985,1384 8510,2015 8451,7227 4099,4973 5912,1044 9718,1522 6338,8694 1969,6052 2277,4133 900,803 1324,9209 9471,4718 6592,3875 3386,82 8441,3478 8624,750 904,6122 7967,2058 9737,714 1452,122 8685,6926 1700,5858 8833,485 1308,6085 6530,4857 3897,7740 6982,424 448,9362 2571,5587 2726,3128 9037,1349 7809,8034 6470,5920 2411,6971 6631,3317 9948,4783 1915,4634 2867,3143 3029,6548 852,9777 3357,5398 682,6720 9565,1001 2352,2027 927,8276 9306,1888 7890,222 5337,4270 2942,3084 1475,8850 7120,45 3565,78 9056,9405 6846,8823 8078,2712 2409,3825 1768,1822 4078,193 9844,8672 5955,5968 299,9730 3776,9637 3846,8438 5912,274 4467,4610 2508,149 7269,2973 8241,1349 2585,2253 8135,808 1073,3723 1317,8366 5144,9560 6987,9216 415,2536 6908,7902 1522,3815 930,1950 9057,5365 8141,8931 9507,7505 8833,364 9385,1627 74,7015 6806,8077 5747,8002 9115,311 2713,7624 8517,2429 7408,8417 28,6963 8518,8097 425,8933 8955,8581 562,9474 6095,6312 9636,4810 2507,9004 9981,1640 8928,4735 8441,5639 9671,7138 3506,8823 3561,2685 7959,1369 7716,7848 1966,9048 1517,8058 3878,499 8342,2210 427,3657 9411,2611 8517,2063 4616,9085 8587,57 8039,7251 6007,8124 2634,1644 5156,3795 3373,840 7974,6832 7012,1322 7904,9146 2848,1163 4697,1069 5739,1030 8929,2312 9690,4352 1573,617 2957,4483 5535,2733 5628,7821 2462,9392 8378,303 5415,8870 7784,1854 8581,4268 6823,2051 1378,6539
4584,7674 3301,9833 7908,3390 9968,3558 8254,5655 1614,2342 7915,4442 7085,2902 5178,1153 7172,1975 3559,3805 308,1260 4043,1862 4131,4826 4588,6147 4010,3127 4215,7897 7215,8150 1699,6167 9850,1265 8917,4109 7768,5516 6531,1972 4773,7765 9859,7586 3253,728 1759,334 4844,5520 1643,2894 6970,7422 5431,6740 8182,6344 6863,5296 2610,1255 8993,6652 7920,3948 1442,7914 972,2256 171,9789 6367,2891 9934,1247 1687,6295 4436,3423 4469,7555 9804,3908 6095,7613 8094,2453 2516,5792 152,7474 2292,1793 7871,9880 6138,8803 7166,9753 7935,7830 9101,1664 2452,7566 1606,7198 4675,9234 2700,1641 6774,7648 9826,6415 6383,1012 7501,5673 2905,3134 4394,7135 7831,6360 973,6365 9273,7997 8437,4969 7229,5665 2317,9882 6300,1851 2764,6093 4637,9926 877,3760 4887,3671 9363,3841 9236,6140 4502,3847 8579,3936 7837,1414 5093,3863 9173,2956 694,3366 8639,2363 3907,4965 7072,812 6392,3237 4126,3780 9220,8246 3457,1113 3183,2321 730,1861 6431,8450 6432,3188 1226,8183 8820,7816 1988,5860 6246,3225 6636,1257 9502,4248 8030,7186 9149,9830 6821,4268 2311,3076 6708,8119 282,7324 900,904 9930,3857 7014,1061 2544,7619 5794,6198 2714,770 2056,6259 8332,9903 4074,334 6252,5608 1574,8954 3395,7706 6497,1423 6287,9451 1751,5659 6803,8545 4079,8391 4091,5376 3647,2769 161,2693 1903,1593 736,4273 8992,3850 977,2552 6216,9861 1496,549 9409,7046 6033,2538 5304,5715 6984,142 4539,3631 9180,7052 9460,9555 4556,7539 2603,2939 2940,6841 9416,7083 1058,8541 9480,8926 2241,8910 5504,1585 9702,9069 9809,2697 684,7574 2768,906 9367,1447 523,3336 427,3947 1558,87 6681,6689 255,5818 209,9028 2205,5735 4209,817 1287,382 7051,3445 1728,8974 3508,4146
91,2210 2472,3488 298,4271
