139 297 296 294 297 301 306 312 319 327 318 328 339 327 314 328 313 297 280 262 243 263 284 262 239 215 190 164 137 109 80 110 79 111 144 110 145 181 218 256 295 335 294 252 209 165 120 74 121 169 120 70 19 71 124 70 15 71 128 186 245 305 366 304 367 303 238 304 371 439 508 438 367 439 512 438 363 439 362 440 361 441 360 278 361 277 192 278 191 103 14 -76 15 -77 -170 -264 -169 -265 -362 -264 -363 -463 -564 -666 -563 -667 -772 -666 -773 -665 -774 -884 -773 -885 -772 -658 -543 -427 -544 -426 -307 -187 -66 56 -67 -191 -66 60 -67 -195 -66 -196 -327 -459 -326 -460 -595 -459 -322 -460
139 297 296 294 297 301 306 312 319 327 318 328 339 327 314 328 313 297 280 262 243 263 284 262 239 215 190 164 137 109 80 110 79 111 144 110 145 181 218 256 295 335 294 252 209 165 120 74 121 169 120 70 19 71 124 70 15 71 128 186 245 305 366 304 367 303 238 304 371 439 508 438 367 439 512 438 363 439 362 440 361 441 360 278 361 277 192 278 191 103 14 -76 15 -77 -170 -264 -169 -265 -362 -264 -363 -463 -564 -666 -563 -667 -772 -666 -773 -665 -774 -884 -773 -885 -772 -658 -543 -427 -544 -426 -307 -187 -66 56 -67 -191 -66 60 -67 -195 -66 -196 -327 -459 -326 -460 -595 -459 -322
15 -50 -49 -51 -54 -58 -63 -57 -50 -42 -51 -41 -30 -18 -5 -19
10 216 -93 -310 -892 -578 563 540 -536 769 786
15 109 108 106 103 107 102 108 101 109 100 110 99 87 74 88
133 38 663 -425 161 684 563 -295 827 870 -528 -799 -548 508 450 276 -568 235 -372 810 -950 -244 -11 -794 -198 -129 -939 -847 388 -551 -198 -839 -50 526 -715 449 764 -801 -857 -928 742 -463 158 -275 -218 -710 357 -233 459 18 -208 989 228 980 780 -588 242 138 650 -546 287 -363 -27 -820 -433 827 -434 -442 842 30 726 -580 280 286 -283 -109 -57 631 238 650 -852 312 -513 731 961 -722 875 -761 51 -97 897 -58 -133 -422 -651 -994 18 315 -251 -71 -343 535 27 726 -63 -441 -320 -765 -518 81 -69 805 -112 176 893 -583 597 596 -228 442 202 481 -410 14 -360 -692 342 -974 -839 783 -438 910 -375 463
14 -257 -258 -260 -263 -267 -262 -256 -249 -241 -250 -260 -249 -261 -274
64 -662 -561 758 350 -639 -236 -302 -934 -219 493 -257 577 37 1 -423 622 -343 -781 -89 -391 982 337 774 -724 588 -151 60 14 32 -707 404 -709 -255 844 -979 -540 -737 -974 514 -531 673 865 -485 792 463 -949 -893 -725 183 520 -156 356 -169 731 -852 -926 -922 307 443 956 -839 487 -683 -532
8 16 691 -73 272 -442 -585 574 803
148 -468 465 47 -377 -560 -698 -73 310 637 -795 -592 194 -678 -897 695 190 99 -169 838 -803 -425 224 28 -720 -481 -781 79 343 -581 -442 460 31 683 210 -362 248 272 -298 -643 -571 -580 -472 -342 -208 119 -386 451 861 -781 662 554 -110 -901 270 805 -372 -941 685 -575 506 385 -789 -379 830 -709 -540 847 973 170 -966 828 -345 -22 567 119 -197 349 503 745 596 467 -796 -328 952 -492 -111 -120 -740 997 -678 917 786 -187 882 84 -58 536 -949 41 325 946 875 930 798 53 668 600 -334 -68 -794 272 8 -897 -705 22 926 -388 -571 -519 992 955 -158 -387 -582 -22 -779 -344 683 -260 433 -299 -281 -41 869 -427 -231 -411 -163 294 -766 -23 -563 536 -333 449 502 -662 594
9 8 9 7 10 6 12 17 24 38
119 55 54 56 53 49 54 60 53 45 54 64 53 65 78 92 77 93 76 94 75 95 74 52 75 51 26 0 -27 -55 -84 -114 -145 -177 -144 -178 -213 -177 -140 -102 -63 -103 -144 -186 -229 -185 -230 -184 -137 -89 -138 -88 -139 -87 -34 -88 -33 -89 -146 -88 -29 -89 -150 -88 -151 -87 -22 -88 -155 -87 -156 -226 -155 -227 -154 -80 -155 -231 -154 -232 -153 -233 -314 -232 -149 -65 20 106 193 281 370 460 369 461 368 462 367 271 368 270 369 269 370 472 369 265 370 264 157 49 158 268 157 269 156 42 -73 -189 -72 46
123 358 359 361 364 360 355 349 356 364 373 383 394 382 395 409 424 408 425 407 426 406 427 405 382 358 383 409 436 464 435 405 436 468 501 467 502 466 503 541 502 462 421 463 420 464 419 373 420 372 421 371 320 372 319 373 428 484 427 369 310 250 311 373 310 374 439 373 306 374 305 235 306 234 161 87 162 238 161 83 4 84 165 83 0 -84 1 -85 -172 -260 -171 -81 -172 -80 13 107 202 106 203 301 400 500 399 501 398 502 607 501 394 286 177 67 -44 68 181 67 -48 -164 -47 71 190 310 431 553
110 -237 -238 -240 -237 -233 -238 -232 -239 -231 -240 -250 -239 -227 -240 -226 -241 -225 -208 -190 -209 -189 -168 -190 -167 -143 -168 -142 -115 -143 -114 -144 -175 -207 -240 -206 -171 -207 -170 -208 -247 -207 -166 -124 -81 -37 8 54 101 149 100 50 -1 51 -2 -56 -1 55 -2 -60 -1 -61 -122 -184 -121 -57 8 74 7 75 144 214 285 357 284 210 135 211 134 56 -23 57 -24 -106 -23 61 -24 62 149 237 326 236 327 419 326 232 327 231 134 36 135 35 -66 -168 -271 -375 -480 -586 -693 -801 -910
81 -349 -289 -189 260 -220 147 -373 -564 616 429 -717 558 -559 -115 361 741 -541 844 207 -636 74 94 -108 -589 574 -811 -765 -979 773 -530 211 709 983 -519 862 997 367 -262 -778 -22 -646 986 -165 -542 -115 -132 -45 -89 622 -117 105 -791 -649 -901 507 -461 -819 676 432 -384 -710 742 -496 -116 849 -842 764 -825 -825 -384 971 522 801 -172 532 -299 -190 975 -502 733 516
112 349 348 346 343 347 342 348 341 349 358 348 359 371 358 344 329 345 362 380 399 419 398 376 399 375 350 376 349 377 348 378 347 379 412 446 481 445 482 520 481 521 562 604 647 691 736 782 829 781 830 780 729 781 834 780 835 891 834 892 951 891 830 768 831 895 960 894 961 893 824 894 965 893 820 746 671 747 824 746 825 905 824 906 823 739 654 740 653 741 652 562 653 745 652 558 463 559 462 560 659 559 458 560 663 767 872 978 871 763 872 762 873
14 -602 -692 -377 -657 209 623 -533 -606 927 -773 129 60 654 132
55 560 592 -625 -380 319 -121 607 957 963 -827 -679 -865 261 409 530 -987 -794 183 901 153 351 -688 -323 -948 -642 628 -889 -830 -271 593 -606 398 219 -772 -525 695 -58 187 -649 884 601 498 928 -686 87 440 587 -175 -559 655 -505 -292 -447 -397 -913
8 672 908 -827 -33 -696 -796 -834 -757
68 -256 -392 971 670 120 728 -108 664 -897 162 -479 -709 -123 53 990 -786 -166 -305 -463 778 509 428 396 285 48 906 -28 -755 300 100 988 -408 -426 -306 -134 -470 732 338 -564 -450 -786 -117 14 357 872 616 -45 940 -727 70 -558 546 -916 391 821 -442 -505 703 -24 687 -475 -845 174 -95 -806 -907 766 301
47 -470 30 208 -402 241 758 751 431 979 423 -371 466 -969 -715 -6 -459 650 -875 845 -769 581 15 -5 573 -950 632 695 -896 795 -738 689 175 903 -797 977 -119 266 97 -119 -966 -357 569 684 -904 -2 582 313
61 -379 90 437 587 46 -885 -307 726 210 -803 350 -497 484 -359 661 -161 -169 -910 -540 70 -396 -132 123 -471 802 15 330 -705 -783 128 143 847 -303 -432 899 -371 -292 403 749 -75 293 -788 596 -921 -132 -2 -217 638 605 906 340 -907 -274 266 55 -220 -829 761 -771 -364 -928
65 442 443 445 448 452 447 453 460 468 459 469 480 492 479 493 478 462 445 427 408 388 367 389 366 390 365 339 366 394 423 453 484 516 483 449 414 378 341 379 340 380 339 381 338 294 249 295 248 200 249 299 248 300 247 301 356 412 355 297 356 416 355 293 230 166
141 393 -898 256 466 -112 -530 627 774 -444 -364 419 -879 242 620 -477 842 -647 -667 204 -816 -162 181 834 23 -362 -507 -463 -902 961 64 220 -289 -748 793 -86 177 415 200 -821 -706 544 -478 -87 761 -671 348 140 149 804 317 89 556 -984 -544 73 223 -190 718 -529 -825 699 184 -288 669 606 680 43 -497 -463 690 855 483 -52 -449 -197 -748 978 599 -704 -265 737 514 -301 -620 -384 -208 -720 541 524 285 900 -431 -893 955 217 -986 81 944 203 -192 -999 -831 864 -830 -451 -8 -821 -265 504 -534 868 -163 890 -38 240 -232 710 -889 -497 -35 -111 -928 -788 864 368 582 -710 -493 -708 -39 103 -763 -385 -780 -292 -138 379 -700 -952 -416 -258
69 385 312 -73 -275 -964 -583 618 950 -229 -111 248 -204 -124 740 877 -694 975 781 -443 -293 -380 -772 381 -612 -734 -131 771 -201 765 -559 -20 490 -145 -183 25 19 907 -355 -631 694 222 493 933 -141 -696 501 -44 -454 759 216 -537 -452 547 818 895 -242 -751 -686 333 322 955 -307 -968 553 172 751 634 -929 -605
144 -85 -86 -88 -85 -81 -76 -70 -77 -85 -76 -66 -55 -43 -56 -70 -55 -39 -56 -74 -55 -35 -14 -36 -59 -83 -58 -84 -57 -29 0 -30 -61 -93 -126 -160 -195 -231 -194 -156 -195 -235 -194 -236 -193 -149 -194 -148 -101 -53 -4 46 -5 -57 -4 50 -5 51 108 166 107 47 -14 48 -15 49 -16 50 117 49 118 48 -23 -95 -22 -96 -21 55 132 54 133 53 -28 54 137 221 136 222 135 223 134 44 -47 -139 -46 48 143 239 142 240 339 239 138 240 343 239 344 238 131 239 348 238 349 237 350 236 351 235 118 0 -119 -239 -118 -240 -117 7 132 258 131 3 -126 4 135 3 136 270 405 269 406 544 683 543 684 542 399
82 363 364 366 369 365 370 376 369 361 352 362 351 363 350 364 379 363 346 364 383 363 342 320 343 319 294 268 295 323 294 324 355 323 290 256 221 257 294 332 371 331 372 414 457 501 456 410 363 315 266 216 165 217 164 110 55 -1 -58 -116 -175 -115 -54 -116 -179 -115 -50 16 83 151 220 150 221 149 222 148 223 147 224 146 225 305 224
87 -161 -543 -389 153 692 -725 767 -835 862 486 -789 893 490 392 831 -677 913 -120 -198 629 161 185 999 874 -386 808 -779 -791 -171 -44 -627 244 -596 -566 73 -612 -658 782 -84 -502 510 303 -809 -631 152 -950 201 -618 563 -791 -476 604 135 249 588 15 -192 -880 603 750 294 -867 -107 -296 -962 577 863 578 805 -718 35 -228 995 -386 741 551 380 -48 627 -639 -972 322 504 776 -792 -438 -59
99 -239 -297 174 -978 59 797 -62 -736 -705 -424 -110 540 -477 518 550 22 -223 -1 -690 623 -676 -905 333 -440 -370 -132 -445 342 -585 -217 638 830 735 -823 -179 291 -182 289 435 -283 -120 -696 -310 990 331 -261 -180 812 -813 966 -589 235 -945 -621 409 -602 359 -251 158 -56 -375 -156 -465 -58 -365 610 -737 12 105 876 782 -529 -131 857 212 76 190 569 32 -844 -534 672 32 -796 450 -624 -30 395 -374 -266 925 -799 248 217 -612 161 -885 -992 753
3 7 7 8
127 221 -585 -237 -163 -849 -101 -568 581 -372 -919 73 -104 896 -355 -412 -528 -849 555 295 -892 833 -629 -399 -565 -814 39 363 -941 -851 -585 246 713 358 -108 -701 563 -608 -337 -884 874 121 -76 -923 -295 -568 978 281 -6 557 876 30 219 -634 53 -167 -73 985 -514 903 -237 -221 159 623 -303 -891 674 79 927 310 419 -145 -971 375 -504 -858 -818 767 755 -675 787 685 -636 -960 736 851 -577 932 -993 -868 471 532 -50 601 950 -615 812 664 -492 736 -709 -517 279 473 -948 493 88 248 954 -108 -499 14 -462 142 -606 569 -359 -923 927 416 867 -612 54 381 -889 904 -264 247
51 537 -256 -170 62 -349 378 580 299 59 934 -835 121 0 738 -101 -856 -725 380 -426 948 645 -96 -981 -781 -848 217 571 867 -446 -682 -121 -770 732 404 -821 -19 690 -514 -13 325 745 -387 -12 -852 -89 203 -870 -988 449 -687 -420
140 224 223 225 222 218 223 229 236 228 237 227 238 226 239 253 238 222 205 223 242 262 241 219 196 220 245 219 246 274 303 333 364 396 363 329 364 400 437 399 360 400 441 483 526 570 615 569 522 570 521 571 520 572 519 465 410 354 297 239 180 120 181 119 56 120 55 121 54 -14 55 125 196 268 195 269 194 118 41 119 40 -40 -121 -39 -122 -38 -123 -209 -296 -208 -297 -207 -298 -390 -483 -577 -482 -386 -483 -581 -482 -382 -281 -179 -282 -386 -491 -597 -704 -812 -921 -811 -922 -810 -697 -583 -468 -352 -235 -117 -236 -116 5 127 250 374 499 373 500 628 499 369 238 106 239 373 508 644 507 645 506
150 407 406 704 -617 799 -112 -759 -162 -523 -615 -760 584 -155 874 -761 -517 -948 -909 896 131 -358 669 506 36 129 -300 -404 923 5 -359 -370 503 387 244 -374 -60 -261 -73 -31 809 -198 347 451 256 71 766 175 686 488 854 -12 -881 -655 52 326 16 -652 652 -984 -50 744 -526 872 -164 -586 -503 -472 -353 632 -393 -473 -677 589 -599 -198 -592 108 -228 647 561 -908 -984 -870 102 994 947 -718 825 365 424 955 19 -393 445 -460 212 -463 309 -934 -872 181 -252 -288 -750 218 -14 -258 805 844 534 -171 -968 -422 35 554 742 -907 909 268 656 -582 69 173 209 -861 -963 509 -662 814 476 26 707 352 232 65 -370 -481 690 -824 370 627 461 442 -365 733 329 311 -536 -274 954
90 -587 860 -120 -130 -287 -221 -75 467 555 14 -323 514 870 -866 475 -364 206 -325 685 779 259 -103 958 -582 -3 -426 -777 500 569 -538 862 -620 -480 827 -777 -397 30 685 -542 547 613 -643 926 133 -452 -279 -874 -490 129 -722 -433 113 431 433 83 105 361 444 525 574 122 -74 -12 -305 -453 744 977 982 -585 -686 -731 -252 -543 909 954 -256 908 997 927 -559 955 536 945 -251 -834 -754 775 745 -241 -410
119 -195 -194 -192 -195 -191 -186 -192 -185 -193 -184 -194 -205 -193 -206 -192 -207 -223 -206 -224 -205 -185 -206 -184 -161 -137 -112 -86 -113 -85 -114 -144 -175 -207 -174 -208 -173 -137 -174 -136 -97 -57 -16 26 -17 27 -18 28 -19 29 78 128 77 25 78 24 -31 25 82 24 -35 25 -36 -98 -35 -99 -34 -100 -167 -99 -30 -100 -171 -243 -316 -390 -315 -239 -162 -84 -163 -243 -324 -242 -159 -243 -158 -244 -331 -419 -508 -598 -507 -415 -508 -602 -697 -601 -504 -406 -505 -405 -304 -406 -303 -407 -302 -408 -301 -193 -302 -192 -81 -193 -306 -192 -77 39 156 274
47 -8 -7 -5 -8 -4 1 7 14 22 31 21 10 22 9 -5 -20 -36 -19 -1 18 -2 19 -3 -26 -50 -75 -49 -22 6 -23 -53 -84 -116 -149 -183 -148 -112 -75 -113 -74 -34 -75 -33 -76 -120 -75 -29
9 8 9 7 10 6 13 17 24 32
71 873 -134 -366 899 494 230 -41 -664 974 154 -943 491 894 -937 -983 513 523 634 239 558 -680 686 -822 -523 400 -731 507 -583 114 -89 -976 -811 -325 -986 670 -424 493 572 -717 50 245 -754 -83 -446 798 199 101 845 445 657 914 182 -831 521 844 37 -562 -745 432 -209 -965 -211 121 -839 66 832 -652 572 -561 576 677
68 -186 -273 165 -642 -287 -796 -402 88 259 410 -78 -413 851 -829 -353 -665 442 163 766 -532 124 872 -501 268 -175 -354 -34 -7 22 847 -58 732 -345 -837 -984 -780 -232 29 -778 -678 661 -893 977 952 -155 -851 -823 849 -738 -264 -397 -887 674 794 -217 627 985 -156 544 -192 -29 940 526 -846 48 -95 -760 -778
68 434 433 431 428 424 419 425 432 424 415 405 394 406 419 405 390 374 391 409 390 410 389 411 434 458 433 407 380 408 379 409 440 408 441 407 372 336 373 411 450 410 451 493 536 492 537 491 444 492 443 493 544 596 543 597 652 708 765 823 882 942 881 819 882 946 881 947 880
1 4 2 3 
1 8 2 9
1 3
