1 2 3 4 4 4 4
14 10 12 21 0 11 9 22 6 15 18 23 24 19 13 8 17 4 25 5 16 2 7 26 20 1 3 3 3 3
2 0 6 3 1 6 3 1 6 3 1
1 2 5 5 6 5 5 6 5 5 6 5 5 6
21 11 7 16 8 10 13 29 20 23 0 5 28 19 9 30 2 26 14 24 3 12 25 1 18 31 15 6 27 17 4 78 54 94 96 22 84 93 37 78 54 94 96 22 84 93 37 78 54 94 96 22 84 93 37 78 54 94 96 22 84 93 37
0 10 11 3 5 9 8 4 12 7 6 1 13 2 50 56 56 50 56 56 50 56 56 50 56 56
7 6 4 2 8 9 0 11 5 1 10 25 3 31 60 65 43 25 3 31 60 65 43 25 3 31 60 65 43 25 3 31 60 65 43
14 10 12 21 0 11 9 22 6 15 18 23 24 19 13 8 17 4 25 5 16 2 7 26 20 1 3 3 3 3
0 12 47 11 16 10 31 28 45 33 41 42 30 29 43 6 27 17 26 9 19 20 5 34 39 35 22 15 8 38 21 25 1 32 14 24 48 7 40 13 2 23 37 44 4 18 59 36 84 46 56 99 55 3 18 59 36 84 46 56 99 55 3 18 59 36 84 46 56 99 55 3 18 59 36 84 46 56 99 55 3
16 0 17 29 6 22 27 10 24 8 11 3 32 30 23 15 12 26 5 14 21 25 1 7 4 2 33 9 34 13 20 19 28 18 39 31 83 50 49 51 70 80 53 18 39 31 83 50 49 51 70 80 53 18 39 31 83 50 49 51 70 80 53 18 39 31 83 50 49 51 70 80 53
10 14 24 29 28 3 4 22 25 20 30 17 23 16 7 19 31 27 9 11 5 21 12 1 0 18 2 26 15 6 8 13 80 80 80 80
13 8 23 9 10 6 11 1 19 14 3 24 17 0 15 18 16 12 2 4 7 21 5 22 20 65 55 25 37 64 65 55 25 37 64 65 55 25 37 64 65 55 25 37 64
16 3 34 7 28 27 38 15 36 26 30 22 4 21 14 20 0 25 24 10 29 11 32 6 8 9 5 18 19 23 37 12 31 35 13 40 17 60 39 84 44 91 1 33 2 70 17 60 39 84 44 91 1 33 2 70 17 60 39 84 44 91 1 33 2 70 17 60 39 84 44 91 1 33 2 70
14 11 6 0 13 3 9 4 12 15 1 10 7 8 2 5 75 70 75 70 75 70 75 70
0 3 2 1 2 1 2 1
14 2 3 12 9 11 16 7 10 4 15 8 5 1 13 63 28 54 76 23 0 71 6 54 63 28 54 76 23 0 71 6 54 63 28 54 76 23 0 71 6 54 63 28 54 76 23 0 71 6 54
3 1 0 2 5 4 46 18 29 75 68 91 18 65 31 46 18 29 75 68 91 18 65 31 46 18 29 75 68 91 18 65 31 46 18 29 75 68 91 18 65 31
4 56 56 56 56 56 56 56 56 56 56
12 31 17 3 33 1 13 16 44 37 8 30 46 4 2 27 48 39 21 0 9 11 7 35 47 32 42 22 26 19 20 41 40 38 24 23 18 25 29 6 36 5 14 10 28 34 15 43 54 93 80 45 43 54 93 80 45 43 54 93 80 45 43 54 93 80 45
6 1 4 7 2 8 10 9 5 3 0 47 16 76 60 58 47 16 76 60 58 47 16 76 60 58 47 16 76 60 58
3 5 2 0 4 1 6 54 65 64 27 95 16 54 83 54 65 64 27 95 16 54 83 54 65 64 27 95 16 54 83 54 65 64 27 95 16 54 83
1 3 0 4 2 7 5 61 47 22 41 28 7 5 61 47 22 41 28 7 5 61 47 22 41 28 7 5 61 47 22 41 28
4 9 23 6 7 25 8 24 10 22 3 17 14 19 18 2 11 21 0 26 13 28 27 12 5 1 16 20 15 15 15 15
7 3 13 15 9 10 2 0 14 1 16 5 11 8 6 12 4 35 35 35 35 
7 1 3 4 6 12 11 0 2 9 5 8 10 77 17 60 78 72 19 66 60 77 17 60 78 72 19 66 60 77 17 60 78 72 19 66 60 77 17 60 78 72 19 66 60
1 2 3 4 5 5 6 5 5 5 6 5 5 5 6 5
